vehicule 726 2100 816 2160
vehicule 171 1440 240 1494
vehicule 545 1360 780 1406
personne 585 1392 603 1417
vehicule 878 972 972 1015
vehicule 1074 929 1122 962
vehicule 992 989 1031 1005
vehicule 1117 1329 1198 1383
vehicule 1174 1369 1222 1437
vehicule 1545 1323 1675 1378
vehicule 477 1338 600 1366
vehicule 1368 1051 1406 1089
vehicule 1312 1100 1349 1152
vehicule 1362 1138 1408 1174
vehicule 1380 1177 1497 1215
vehicule 1428 1046 1485 1092
vehicule 1712 1018 1778 1060
vehicule 1526 1168 1563 1220
vehicule 1172 952 1205 965
vehicule 1231 991 1257 1006
vehicule 1815 918 1886 949
vehicule 1858 1040 1903 1071
vehicule 2075 1005 2132 1037
vehicule 2051 1038 2095 1065
vehicule 3508 1438 3672 1545
vehicule 3062 1205 3146 1242
vehicule 2742 923 2766 946
vehicule 2589 1028 2603 1040
vehicule 2551 1200 2603 1245
vehicule 2506 1208 2560 1249
vehicule 2312 1154 2451 1198
personne 1415 1420 1427 1447
personne 1907 1308 1921 1337
personne 2445 1360 2459 1388
personne 2376 1241 2394 1260
personne 2455 1167 2469 1201
vehicule 2357 902 2437 936
vehicule 2154 1175 2246 1228
