vehicule 7 800 182 865
vehicule 33 871 167 927
vehicule 291 800 469 860
vehicule 695 824 1024 873
vehicule 1391 758 1513 813
vehicule 1513 744 1589 789
vehicule 1673 745 1749 807
vehicule 199 619 226 641
personne 212 701 219 723
vehicule 714 668 834 723
vehicule 1865 801 1991 913
vehicule 2029 728 2167 865
vehicule 2387 677 2495 719
vehicule 2505 676 2536 711
vehicule 2348 636 2413 669
vehicule 2271 628 2316 661
vehicule 2252 715 2276 744
vehicule 1812 629 1905 656
vehicule 1669 613 1748 637
vehicule 2240 629 2267 653
personne 2340 765 2347 795
personne 2349 768 2354 794
personne 2850 685 2856 707
vehicule 2559 684 2613 716
vehicule 2720 613 2798 656
vehicule 2437 638 2536 674
vehicule 2553 619 2592 671
vehicule 2878 672 2923 714
vehicule 3431 732 3662 859
vehicule 3462 646 3494 669
vehicule 3497 644 3539 672
vehicule 3349 651 3380 675
