personne 0.9806644916534424 1422 1027 1441 1075
personne 0.9740475416183472 1916 1139 1946 1214
personne 0.9660049676895142 1454 1027 1469 1073
personne 0.9631417989730835 1967 1150 1999 1224
vehicule 0.9515554308891296 400 809 454 844
personne 0.943386971950531 699 905 713 946
vehicule 0.9399839639663696 435 827 497 867
personne 0.935705304145813 1048 969 1069 999
personne 0.9313805103302002 738 891 752 927
personne 0.9176805019378662 1092 1738 1122 1795
vehicule 0.9094974398612976 338 777 389 809
personne 0.901647686958313 1805 1225 1861 1284
personne 0.8768786787986755 768 866 781 909
vehicule 0.8374971747398376 500 848 556 893
personne 0.8163638710975647 718 890 736 938
vehicule 0.7570742964744568 164 705 205 731
personne 0.7360975742340088 360 812 374 848
personne 0.7153682708740234 1718 1184 1746 1252
vehicule 0.5762879848480225 3729 846 3790 888
