vehicule 0.888967752456665 1551 1322 1681 1382
vehicule 0.8646448850631714 1169 1378 1227 1433
vehicule 0.8317980170249939 1759 1375 1895 1499
personne 0.8053688406944275 1909 1314 1921 1338
vehicule 0.7791255116462708 2510 1204 2559 1250
vehicule 0.7781857252120972 1188 1426 1328 1499
vehicule 0.7252895832061768 3094 1206 3148 1250
vehicule 0.700300395488739 2000 1377 2076 1492
vehicule 0.6997045874595642 731 2099 830 2158
vehicule 0.6948109269142151 1416 1059 1460 1090
vehicule 0.6706535816192627 500 1444 560 1499
vehicule 0.6255149245262146 1368 1052 1405 1091
vehicule 0.6189311146736145 1309 1103 1353 1151
vehicule 0.6176096200942993 2500 1218 2518 1249
vehicule 0.5968616604804993 1118 1332 1210 1386
vehicule 0.5941728949546814 2558 1207 2602 1250
vehicule 0.5669838786125183 1580 1384 1695 1499
vehicule 0.5340551137924194 1000 1430 1139 1499
