personne 0.9903914928436279 841 1193 957 1459
personne 0.9874022603034973 623 1235 721 1484
personne 0.9816538095474243 3552 565 3598 656
personne 0.9793757200241089 3506 418 3533 485
personne 0.9787258505821228 2166 1260 2315 1499
personne 0.9751330614089966 1902 1358 1999 1499
personne 0.9572710394859314 3556 650 3602 741
personne 0.9245462417602539 3374 450 3405 499
vehicule 0.9243228435516357 2500 1000 2776 1279
vehicule 0.9061682820320129 3662 391 3772 454
personne 0.8941125869750977 1165 1505 1299 1719
vehicule 0.8526973128318787 3523 410 3627 488
vehicule 0.8476443886756897 3753 369 3839 415
personne 0.796057403087616 1168 1398 1272 1499
personne 0.7926182746887207 3618 423 3653 461
personne 0.6967872381210327 2218 1500 2294 1537
vehicule 0.6895231008529663 2500 770 2789 997
personne 0.6838676929473877 3569 378 3580 400
personne 0.604666531085968 3287 439 3307 498
personne 0.5804517865180969 1936 1501 1999 1666
