vehicule 0.9908174276351929 2175 692 2229 735
vehicule 0.9803537726402283 2107 716 2163 766
personne 0.9779291152954102 2233 681 2248 718
vehicule 0.9639835953712463 1655 1311 1770 1464
vehicule 0.9583158493041992 1306 1050 1456 1121
vehicule 0.9469705820083618 918 1255 999 1360
vehicule 0.9346264600753784 1441 1290 1499 1458
vehicule 0.8952147960662842 744 1232 941 1336
vehicule 0.8058159947395325 2105 598 2176 640
vehicule 0.7995333075523376 1000 1229 1135 1370
vehicule 0.790940523147583 1232 1224 1442 1422
personne 0.7902550101280212 1866 746 1888 793
vehicule 0.7776791453361511 1500 1273 1627 1444
vehicule 0.7355338931083679 1798 821 1887 883
vehicule 0.6396791934967041 1702 875 1885 974
