personne 0.9950069189071655 2390 236 2465 419
personne 0.9883227944374084 1000 1509 1279 1938
vehicule 0.9808711409568787 2522 227 2919 498
personne 0.9515262246131897 794 778 999 999
personne 0.9494664072990417 3191 230 3218 326
personne 0.884404182434082 1515 1084 1941 1499
personne 0.8222191333770752 803 1002 999 1151
personne 0.7976177334785461 3298 229 3325 310
vehicule 0.6386619210243225 2004 503 2491 991
personne 0.623002290725708 1000 1172 1182 1499
personne 0.6052044034004211 1827 857 1997 998
