personne 0.9959080219268799 2140 1080 2212 1241
personne 0.9930987358093262 2255 1101 2315 1270
personne 0.9919361472129822 540 882 590 998
personne 0.9812066555023193 1631 1143 1709 1289
personne 0.9591190218925476 304 804 329 877
personne 0.9331403970718384 154 790 180 858
personne 0.9296711683273315 256 803 281 855
personne 0.9138935208320618 82 837 113 906
vehicule 0.9100367426872253 532 800 971 996
personne 0.9040778279304504 1807 1055 1862 1214
personne 0.8233727216720581 50 850 83 919
personne 0.6393622159957886 111 816 139 881
